# -*- coding: utf-8 -*-

sudoku = [[4,0,0,2,1,0,3,0],
          [0,7,0,0,0,2,0,0],
          [0,0,2,0,5,0,7,0],
          [7,0,0,5,0,0,0,3],
          [6,0,0,0,3,0,0,1],
          [0,1,0,3,0,8,0,0],
          [0,0,7,0,0,0,8,0],
          [0,6,0,8,4,0,0,5]]

#sudoku = [[0,0,0,0,0,0,0,0],
#          [0,0,0,0,0,0,0,0],
#          [0,0,0,0,0,0,0,0],
#          [0,0,0,0,0,0,0,0],
#          [0,0,0,0,0,0,0,0],
#          [0,0,0,0,0,0,0,0],
#          [0,0,0,0,0,0,0,0],
#          [0,0,0,0,0,0,0,0]]

#sudoku = [[0,0,0,0,0,3,0,4],
#          [7,0,0,0,8,0,0,0],
#          [0,0,8,0,0,5,0,3],
#          [0,0,0,0,0,0,0,0],
#          [0,0,0,0,0,0,0,5],
#          [0,0,7,5,0,4,0,0],
#          [0,0,1,0,0,7,3,0],
#          [3,6,0,0,0,0,0,0]]

#sudoku = [[0,0,8,1,0,0,0,0],
#          [0,0,0,0,8,2,0,0],
#          [0,2,0,7,0,1,0,0],
#          [0,0,0,6,0,3,0,0],
#          [7,4,0,2,0,0,0,0],
#          [0,0,0,0,5,0,0,2],
#          [1,0,4,0,2,0,6,0],
#          [6,8,0,3,0,7,4,0]]

#sudoku = [[2,0,0,0,0,1,0,0],
#          [1,0,0,0,4,0,0,0],
#          [0,7,0,0,3,2,4,0],
#          [0,0,4,0,0,0,0,0],
#          [7,0,1,0,0,0,0,0],
#          [0,4,3,0,0,5,0,1],
#          [3,0,0,0,0,0,0,0],
#          [0,0,0,0,0,0,0,0]]

#sudoku = [[2,4,5,8,3,0,0,0],
#          [0,0,0,0,0,0,0,2],
#          [5,0,0,0,0,0,0,0],
#          [0,0,0,7,8,0,0,0],
#          [0,0,0,0,0,7,0,0],
#          [7,5,3,0,2,0,0,0],
#          [0,0,0,0,0,0,0,0],
#          [0,0,0,0,0,0,2,8]]

#sudoku = [[0,0,0,0,3,0,0,0],
#          [1,0,0,7,0,0,0,0],
#          [0,5,0,0,8,0,0,2],
#          [0,0,4,8,0,0,0,0],
#          [0,0,0,0,0,0,0,0],
#          [0,0,0,1,0,2,0,0],
#          [0,6,0,0,2,1,0,0],
#          [5,0,2,3,0,0,0,0]]

# not solvable
#sudoku = [[4,0,0,2,1,0,3,0],
#          [0,7,0,0,0,2,0,0],
#          [0,0,2,0,5,0,7,0],
#          [7,0,0,5,0,0,0,3],
#          [6,0,0,0,3,0,0,1],
#          [0,1,0,3,0,8,0,0],
#          [0,0,7,0,0,0,8,0],
#          [0,6,0,8,4,0,2,5]]

#sudoku = [[0,0,0,0,0,3,0,4],
#          [7,0,0,0,8,0,0,0],
#          [0,0,8,0,0,5,0,3],
#          [0,0,0,0,0,0,0,0],
#          [0,0,0,0,0,0,0,5],
#          [0,0,7,5,0,4,0,0],
#          [0,0,1,0,0,7,3,0],
#          [3,6,0,0,0,0,0,0]]

#sudoku = [[1,3,7,0,0,0,0,0],
#          [0,0,0,0,0,0,0,8],
#          [0,0,0,0,0,0,0,0],
#          [0,0,0,0,0,1,0,0],
#          [0,0,0,0,0,0,0,0],
#          [0,0,3,0,0,0,0,0],
#          [0,0,0,0,0,0,0,0],
#          [0,8,0,0,0,0,0,5]]

#sudoku = [[8,0,0,0,0,0,0,0],
#          [0,0,0,0,0,0,0,0],
#          [0,0,0,0,0,0,0,0],
#          [0,0,0,0,0,0,0,0],
#          [0,0,0,0,0,0,0,0],
#          [0,0,0,0,0,0,0,0],
#          [0,0,0,0,0,0,0,0],
#          [0,0,0,0,0,0,0,0]]

#sudoku = [[0,6,4,1,0,3,0,2],
#          [8,0,0,0,1,0,5,0],
#          [0,0,7,0,0,8,3,5],
#          [6,0,3,0,4,0,0,0],
#          [0,5,0,2,0,4,8,0],
#          [0,1,0,7,0,0,6,3],
#          [2,0,0,8,0,7,0,0],
#          [0,4,5,0,0,2,1,0]]

#sudoku = [[0,7,0,3,0,0,0,8],
#          [4,0,2,0,3,0,0,0],
#          [0,0,0,0,0,0,0,7],
#          [0,5,0,0,1,0,6,0],
#          [0,0,0,0,0,1,0,0],
#          [2,0,4,0,5,0,3,0],
#          [0,0,0,4,0,0,0,0],
#          [1,0,6,0,2,0,5,0]]

#sudoku = [[0,0,6,0,8,0,0,0],
#          [5,0,0,0,0,4,0,1],
#          [4,1,0,0,7,0,8,0],
#          [8,0,0,3,0,0,0,0],
#          [0,0,0,0,3,0,0,0],
#          [3,0,5,0,0,2,0,6],
#          [0,0,0,4,0,1,0,0],
#          [0,7,0,0,0,0,6,0]]
